58,2
57,3
57,1
57,0
56,3
56,1
56,0
53,4
53,3
53,1
53,0
52,5
52,4
52,3
52,1
52,0
48,3
48,2
48,1
48,0
23,3
23,1
23,0
22,3
22,1
22,0
21,3
21,1
21,0
20,3
20,1
20,0
19,3
19,1
19,0
18,3
18,1
18,0
17,3
17,1
17,0
16,3
16,1
16,0
15,3
15,1
15,0
14,3
14,1
14,0
13,3
13,1
13,0
12,3
12,1
12,0
11,3
11,1
11,0
10,3
10,1
10,0
9,3
9,1
9,0
8,4
8,3
8,1
8,0
7,3
7,1
7,0
6,4
6,3
6,1
6,0
5,3
5,1
5,0
4,3
4,1
4,0
2,6
2,5
2,2
58,4
1,1
1,3
1,0
2,1
2,7
2,3
2,0
58,1
58,3
54,5
58,0
54,4
54,1
54,3
54,0
0,9
0,310
0,305
0,308
0,304
0,303
0,302
0,307
0,12
0,10
0,8
0,0
0,413
0,300
0,412
0,299
0,411
0,298
0,437
0,297
0,410
0,296
0,409
0,295
0,407
0,294
0,436
0,293
0,435
0,292
0,434
0,291
0,433
0,290
0,406
0,289
0,405
0,288
0,404
0,287
0,403
0,286
0,402
0,285
0,401
0,284
0,432
0,283
0,400
0,282
0,399
0,281
0,431
0,280
0,430
0,279
0,429
0,278
0,398
0,277
0,397
0,276
0,396
0,275
0,395
0,274
0,394
0,273
0,428
0,272
0,427
0,271
0,392
0,270
0,391
0,269
0,393
0,268
0,390
0,267
0,389
0,266
0,388
0,265
0,387
0,264
0,386
0,263
0,385
0,262
0,424
0,261
0,384
0,260
0,383
0,259
0,382
0,258
0,423
0,257
0,422
0,256
0,421
0,255
0,420
0,254
0,372
0,253
0,381
0,252
0,380
0,251
0,371
0,250
0,370
0,249
0,419
0,248
0,426
0,247
0,379
0,246
0,418
0,245
0,378
0,244
0,377
0,242
0,376
0,241
0,369
0,240
0,375
0,239
0,374
0,238
0,373
0,237
0,425
0,236
0,417
0,235
0,416
0,234
0,415
0,233
0,414
0,232
0,368
